1
texture0.tex
64 64
42
1230 451 33 44 16 12 0 frame0
1236 350 33 43 16 13 0 frame1
1407 243 40 29 12 19 0 frame2
1479 110 36 30 14 18 0 frame3
1222 162 42 29 10 19 0 frame4
1513 208 29 30 18 18 0 frame5
1564 0 35 27 16 19 0 frame6
1503 34 32 33 16 17 0 frame7
1239 434 20 14 23 25 0 frame8
1464 326 20 14 23 27 0 frame9
1683 143 22 22 22 23 0 frame10
1636 269 22 23 22 22 0 frame11
1658 0 31 22 17 22 0 frame12
1704 115 21 22 22 23 0 frame13
1401 93 42 37 12 14 0 frame14
1155 375 39 38 12 14 0 frame15
1239 395 38 37 12 14 0 frame16
1369 204 45 37 12 14 0 frame17
1150 421 42 36 12 14 0 frame18
1340 467 35 36 15 15 0 frame19
1350 310 35 36 15 15 0 frame20
1350 348 35 36 15 15 0 frame21
1316 389 35 37 15 15 0 frame22
1194 415 43 34 9 17 0 frame23
1150 459 41 36 11 16 0 frame24
1253 73 56 28 4 18 0 frame25
1236 310 38 38 13 14 0 frame26
1276 310 36 38 14 16 0 frame27
1271 350 37 37 13 15 0 frame28
1377 190 37 7 13 30 0 frame29
1445 76 35 32 15 17 0 frame30
1377 149 42 39 11 14 0 frame31
1328 250 43 39 11 14 0 frame32
1343 430 36 32 15 17 0 frame33
1353 386 36 32 15 17 0 frame34
1550 100 40 23 12 21 0 frame35
1701 317 13 20 26 24 0 frame36
1716 317 13 20 26 24 0 frame37
1426 274 28 39 19 14 0 frame38
1636 294 21 24 21 21 0 frame39
1411 41 46 33 9 17 0 frame40
1279 389 35 39 15 12 0 frame41
