1
texture0.tex
38 32
30
1668 172 17 29 0 2 0 frame0
1700 31 22 29 0 2 0 frame1
1556 273 27 29 0 2 0 frame2
1525 308 28 29 0 2 0 frame3
1675 51 23 29 0 2 0 frame4
1526 273 28 29 1 2 0 frame5
1521 69 33 29 1 2 0 frame6
1482 69 37 29 1 2 0 frame7
1553 240 28 29 0 2 0 frame8
1691 0 23 29 0 2 0 frame9
1479 142 9 21 5 6 0 frame10
1701 294 14 21 4 6 0 frame11
1707 139 19 21 5 6 0 frame12
1636 320 21 21 4 6 0 frame13
1358 149 17 21 3 6 0 frame14
1724 48 21 21 4 6 0 frame15
1608 276 26 21 4 6 0 frame16
1585 253 31 21 4 6 0 frame17
1746 23 21 21 4 6 0 frame18
1710 217 17 21 4 6 0 frame19
874 470 18 31 1 1 0 frame20
1621 58 23 31 0 1 0 frame21
1524 133 29 32 0 0 0 frame22
1570 29 29 31 0 1 0 frame23
1631 143 24 31 0 1 0 frame24
1464 293 30 31 0 1 0 frame25
1454 168 35 31 0 1 0 frame26
1196 381 38 32 0 0 0 frame27
1490 240 30 31 0 1 0 frame28
1574 157 26 31 0 1 0 frame29
