1
texture0.tex
128 128
29
892 522 128 128 0 0 0 frame0
988 260 128 128 0 0 0 frame1
988 390 128 128 0 0 0 frame2
1034 0 128 128 0 0 0 frame3
1034 130 128 128 0 0 0 frame4
830 782 128 128 0 0 0 frame5
960 652 128 128 0 0 0 frame6
1022 522 128 128 0 0 0 frame7
1118 260 128 128 0 0 0 frame8
1118 390 128 128 0 0 0 frame9
1164 0 128 128 0 0 0 frame10
1164 130 128 128 0 0 0 frame11
960 782 128 128 0 0 0 frame12
1090 652 128 128 0 0 0 frame13
1152 522 128 128 0 0 0 frame14
1248 260 128 128 0 0 0 frame15
1248 390 128 128 0 0 0 frame16
1294 0 128 128 0 0 0 frame17
1294 130 128 128 0 0 0 frame18
1090 782 128 128 0 0 0 frame19
1220 652 128 128 0 0 0 frame20
1282 522 128 128 0 0 0 frame21
1378 260 128 128 0 0 0 frame22
1378 390 128 128 0 0 0 frame23
1424 0 128 128 0 0 0 frame24
1424 130 128 128 0 0 0 frame25
1220 782 128 128 0 0 0 frame26
1350 652 128 128 0 0 0 frame27
1412 522 128 128 0 0 0 frame28
