1
texture0.tex
128 128
22
502 522 128 128 0 0 0 frame0
514 0 128 128 0 0 0 frame1
514 130 128 128 0 0 0 frame2
598 260 128 128 0 0 0 frame3
598 390 128 128 0 0 0 frame4
644 0 128 128 0 0 0 frame5
644 130 128 128 0 0 0 frame6
570 652 128 128 0 0 0 frame7
632 522 128 128 0 0 0 frame8
728 260 128 128 0 0 0 frame9
728 390 128 128 0 0 0 frame10
774 0 128 128 0 0 0 frame11
774 130 128 128 0 0 0 frame12
570 782 128 128 0 0 0 frame13
700 652 128 128 0 0 0 frame14
762 522 128 128 0 0 0 frame15
858 260 128 128 0 0 0 frame16
858 390 128 128 0 0 0 frame17
904 0 128 128 0 0 0 frame18
904 130 128 128 0 0 0 frame19
700 782 128 128 0 0 0 frame20
830 652 128 128 0 0 0 frame21
