1
texture0.tex
64 64
21
495 978 37 31 13 17 0 frame0
457 943 39 33 12 16 0 frame1
452 985 41 34 11 16 0 frame2
357 714 42 36 11 15 0 frame3
1554 224 43 34 10 15 0 frame4
455 524 45 35 9 15 0 frame5
403 985 47 37 8 14 0 frame6
1684 89 49 38 7 14 0 frame7
1613 219 51 39 6 13 0 frame8
403 943 52 40 5 13 0 frame9
1684 45 55 42 4 12 0 frame10
1684 0 55 43 4 11 0 frame11
1670 129 57 42 3 11 0 frame12
1554 179 57 43 3 11 0 frame13
1611 129 57 43 3 11 0 frame14
1613 174 57 43 3 11 0 frame15
300 714 55 45 3 10 0 frame16
241 714 57 46 3 10 0 frame17
455 652 57 47 3 9 0 frame18
1554 129 55 48 4 9 0 frame19
514 652 53 48 4 9 0 frame20
