1
texture0.tex
19 21
21
0 106 13 21 3 0 0 frame0
386 0 6 14 5 4 0 frame1
372 82 9 14 5 3 0 frame2
383 82 10 15 5 3 0 frame3
359 64 11 15 4 3 0 frame4
384 52 10 15 5 4 0 frame5
359 98 10 16 5 3 0 frame6
383 99 10 15 5 4 0 frame7
371 98 10 16 5 3 0 frame8
372 64 10 16 5 3 0 frame9
72 106 18 14 0 4 0 frame10
366 16 15 14 1 4 0 frame11
299 62 18 14 0 4 0 frame12
299 78 18 14 0 4 0 frame13
299 94 18 14 0 4 0 frame14
299 110 18 14 0 4 0 frame15
319 62 18 14 0 4 0 frame16
319 78 18 14 1 4 0 frame17
319 94 18 14 0 4 0 frame18
319 110 18 14 0 4 0 frame19
30 106 19 14 0 4 0 frame20
