1
texture0.tex
19 21
21
15 106 13 21 3 0 0 frame0
395 86 6 14 6 4 0 frame1
396 52 9 14 5 4 0 frame2
395 0 10 15 5 3 0 frame3
359 81 11 15 4 3 0 frame4
395 17 10 15 5 4 0 frame5
395 34 10 15 4 3 0 frame6
395 69 10 15 5 4 0 frame7
383 16 10 16 5 3 0 frame8
383 34 10 16 5 3 0 frame9
339 62 18 14 0 4 0 frame10
366 32 15 14 1 4 0 frame11
339 78 18 14 0 4 0 frame12
339 94 18 14 1 4 0 frame13
339 110 18 14 0 4 0 frame14
346 0 18 14 0 4 0 frame15
346 16 18 14 0 4 0 frame16
346 32 18 14 0 4 0 frame17
359 48 18 14 1 4 0 frame18
366 0 18 14 0 4 0 frame19
51 106 19 14 0 4 0 frame20
