1
texture0.tex
17 12
20
1569 335 4 10 6 1 0 frame0
1362 476 4 10 6 1 0 frame1
1929 369 7 10 5 1 0 frame2
1926 498 7 10 5 1 0 frame3
1350 476 10 10 4 1 0 frame4
1756 266 10 10 4 1 0 frame5
1789 218 11 10 3 1 0 frame6
1802 218 11 10 3 1 0 frame7
1819 465 8 10 4 1 0 frame8
1880 446 8 10 4 1 0 frame9
880 75 12 10 3 1 0 frame10
1745 481 12 10 3 1 0 frame11
1318 99 15 10 1 1 0 frame12
1791 332 15 10 1 1 0 frame13
1895 294 17 10 0 1 0 frame14
1905 205 17 10 0 1 0 frame15
1686 387 12 10 1 1 0 frame16
1700 387 12 10 1 1 0 frame17
894 75 9 10 4 1 0 frame18
1740 193 9 10 4 1 0 frame19
