1
texture0.tex
47 47
29
1718 243 36 36 7 5 0 frame0
1862 354 25 27 12 10 0 frame1
1518 203 24 27 11 10 0 frame2
1849 159 26 27 12 10 0 frame3
1793 127 29 30 10 8 0 frame4
1849 188 26 27 12 10 0 frame5
1853 127 26 27 11 10 0 frame6
1800 481 27 29 11 9 0 frame7
1776 377 27 29 11 9 0 frame8
1618 128 40 40 4 3 0 frame9
1859 91 26 27 11 10 0 frame10
1800 95 29 30 10 8 0 frame11
1864 417 25 27 11 10 0 frame12
1832 408 26 27 11 10 0 frame13
1821 32 29 30 10 9 0 frame14
1888 383 23 27 14 10 0 frame15
1858 462 30 23 7 12 0 frame16
1784 345 27 29 11 9 0 frame17
1791 301 27 29 11 9 0 frame18
1815 266 27 29 11 9 0 frame19
1818 218 27 29 11 9 0 frame20
1820 159 27 29 11 9 0 frame21
1824 127 27 29 11 9 0 frame22
1850 0 29 30 10 9 0 frame23
1714 387 29 30 10 9 0 frame24
1714 419 29 30 10 9 0 frame25
1714 451 29 30 10 9 0 frame26
1745 387 29 30 10 9 0 frame27
1753 345 29 30 10 9 0 frame28
