1
texture0.tex
47 47
29
1716 287 36 36 7 5 0 frame0
1844 249 27 26 11 10 0 frame1
1820 297 27 27 11 10 0 frame2
1847 218 27 26 11 10 0 frame3
1789 186 29 30 10 8 0 frame4
1803 437 27 26 11 10 0 frame5
1829 465 27 26 11 10 0 frame6
1852 32 27 28 11 10 0 frame7
1789 0 28 29 11 10 0 frame8
1637 0 40 40 4 3 0 frame9
1834 361 26 26 11 10 0 frame10
1821 64 29 29 10 9 0 frame11
1842 326 26 26 10 10 0 frame12
1860 389 26 26 11 10 0 frame13
1757 0 30 29 9 9 0 frame14
1946 226 21 19 11 12 0 frame15
1832 437 30 23 7 12 0 frame16
1436 354 27 29 11 9 0 frame17
1745 419 27 29 11 9 0 frame18
1745 450 27 29 11 9 0 frame19
1771 481 27 29 11 9 0 frame20
1774 419 27 29 11 9 0 frame21
1774 450 27 29 11 9 0 frame22
1757 31 29 30 10 9 0 frame23
1759 63 29 30 10 9 0 frame24
1788 31 29 30 10 9 0 frame25
1769 95 29 30 10 9 0 frame26
1790 63 29 30 10 9 0 frame27
1819 0 29 30 10 9 0 frame28
