1
texture0.tex
180 180
20
1162 322 18 48 84 71 0 frame0
1162 272 31 48 77 71 0 frame1
1825 353 43 48 71 71 0 frame2
1776 253 47 48 68 71 0 frame3
1864 403 35 48 75 71 0 frame4
1785 303 46 48 69 71 0 frame5
1764 50 60 48 62 71 0 frame6
1737 0 72 48 56 71 0 frame7
340 260 49 48 67 71 0 frame8
1825 403 37 48 73 71 0 frame9
1679 0 56 70 63 59 0 frame10
1629 431 64 80 59 55 0 frame11
1561 339 72 90 55 49 0 frame12
1703 72 59 59 63 66 0 frame13
1201 0 70 98 57 45 0 frame14
1849 453 45 39 44 68 0 frame15
1506 169 82 84 51 53 0 frame16
1406 94 97 79 45 51 0 frame17
1492 0 97 79 48 51 0 frame18
1759 459 88 41 56 70 0 frame19
