1
texture0.tex
128 128
18
1566 265 82 66 23 31 0 frame0
1650 265 74 60 27 34 0 frame1
1276 278 94 90 17 19 0 frame2
1593 76 56 78 36 28 0 frame3
1635 333 82 62 23 33 0 frame4
1591 0 86 74 21 27 0 frame5
1590 169 66 94 31 17 0 frame6
1505 81 86 86 21 21 0 frame7
1476 255 88 82 20 23 0 frame8
1406 175 98 78 15 25 0 frame9
1695 397 62 82 33 23 0 frame10
1008 414 95 95 15 16 0 frame11
1477 339 82 82 23 23 0 frame12
880 390 126 86 1 19 0 frame13
1293 370 88 92 20 20 0 frame14
1372 278 102 78 13 27 0 frame15
394 402 97 104 15 12 0 frame16
1383 358 92 86 18 21 0 frame17
