1
texture0.tex
128 128
42
1981 1154 64 86 32 24 0 frame0
1983 1014 64 86 32 24 0 frame1
940 1390 80 58 24 37 0 frame2
533 1406 73 60 26 36 0 frame3
232 1342 84 58 20 37 0 frame4
353 1602 60 60 34 36 0 frame5
147 1480 72 54 30 37 0 frame6
392 1473 64 64 32 34 0 frame7
909 1120 40 29 44 50 0 frame8
1233 1346 40 29 44 53 0 frame9
1515 1211 47 47 41 42 0 frame10
156 1276 46 46 41 43 0 frame11
1022 1394 65 45 31 44 0 frame12
1601 1299 43 43 43 46 0 frame13
390 1168 86 74 21 28 0 frame14
1285 1154 80 75 21 28 0 frame15
1003 1240 78 74 21 28 0 frame16
209 1160 91 74 21 28 0 frame17
478 1168 87 72 21 28 0 frame18
790 1357 72 72 28 30 0 frame19
684 1429 72 72 28 30 0 frame20
956 1316 72 72 28 30 0 frame21
881 1310 73 73 27 29 0 frame22
881 1241 86 67 18 33 0 frame23
1183 1216 81 72 23 30 0 frame24
649 1199 111 55 9 38 0 frame25
383 1244 78 78 25 27 0 frame26
538 1328 72 76 28 32 0 frame27
714 1353 74 74 27 29 0 frame28
1153 1360 74 14 27 59 0 frame29
71 1358 74 63 27 33 0 frame30
209 1236 84 78 21 28 0 frame31
302 1160 86 77 21 28 0 frame32
318 1342 72 64 29 34 0 frame33
392 1342 72 63 29 35 0 frame34
425 1544 81 46 23 43 0 frame35
58 1722 29 40 50 46 0 frame36
0 1751 29 40 49 46 0 frame37
1985 110 58 77 35 28 0 frame38
1515 1260 42 48 43 41 0 frame39
638 1256 92 66 19 34 0 frame40
612 1400 70 77 29 25 0 frame41
