1
texture0.tex
76 64
30
1383 1264 34 57 0 4 0 frame0
1337 1282 44 57 0 4 0 frame1
1097 1319 54 57 0 4 0 frame2
63 1663 56 57 0 4 0 frame3
1794 1166 46 57 0 4 0 frame4
0 1692 56 57 1 4 0 frame5
285 1580 66 57 1 4 0 frame6
530 1468 75 57 1 4 0 frame7
1902 1262 56 57 0 4 0 frame8
121 1663 46 57 0 4 0 frame9
120 1489 20 43 9 11 0 frame10
1482 1154 30 43 7 11 0 frame11
1536 1315 40 43 9 11 0 frame12
1732 1320 42 43 7 11 0 frame13
290 1767 33 43 6 11 0 frame14
1776 1322 42 43 8 11 0 frame15
1283 1333 52 43 8 11 0 frame16
1730 1166 62 43 8 11 0 frame17
1700 1268 43 43 7 11 0 frame18
314 1722 34 43 8 11 0 frame19
1419 1310 32 55 3 5 0 frame20
1704 1211 42 55 1 5 0 frame21
1730 1382 52 55 3 5 0 frame22
1620 1382 53 55 1 5 0 frame23
1515 1154 44 55 0 5 0 frame24
1452 1382 54 55 2 5 0 frame25
182 1589 64 55 2 5 0 frame26
221 1468 74 55 2 5 0 frame27
1508 1382 54 55 1 5 0 frame28
1561 1154 44 55 3 5 0 frame29
