1
texture0.tex
70 70
21
308 0 70 70 0 0 0 frame0
667 80 6 14 31 25 0 frame1
95 114 9 14 31 25 0 frame2
665 113 10 15 30 25 0 frame3
293 93 11 15 29 24 0 frame4
692 0 10 15 30 25 0 frame5
678 96 10 16 30 24 0 frame6
692 17 10 15 30 25 0 frame7
680 0 10 16 30 24 0 frame8
680 18 10 16 30 24 0 frame9
193 104 18 14 26 25 0 frame10
362 72 15 14 26 25 0 frame11
213 93 18 14 26 25 0 frame12
213 109 18 14 26 25 0 frame13
233 93 18 14 26 25 0 frame14
233 109 18 14 26 25 0 frame15
253 93 18 14 26 25 0 frame16
253 109 18 14 26 25 0 frame17
273 93 18 14 26 25 0 frame18
273 109 18 14 26 25 0 frame19
106 109 19 14 26 25 0 frame20
