1
texture0.tex
70 70
21
442 63 60 60 6 2 0 frame0
714 86 6 14 31 25 0 frame1
678 114 9 14 31 25 0 frame2
692 34 10 15 31 25 0 frame3
293 110 11 15 30 25 0 frame4
692 51 10 15 31 25 0 frame5
692 68 10 15 31 25 0 frame6
702 85 10 15 31 25 0 frame7
680 36 10 16 31 25 0 frame8
680 54 10 16 31 25 0 frame9
565 106 18 14 26 25 0 frame10
362 88 15 14 27 25 0 frame11
585 106 18 14 26 25 0 frame12
605 106 18 14 26 25 0 frame13
625 96 18 14 26 25 0 frame14
625 112 18 14 26 25 0 frame15
645 96 18 14 26 25 0 frame16
645 112 18 14 26 25 0 frame17
614 0 18 14 26 25 0 frame18
614 16 18 14 26 25 0 frame19
74 114 19 14 26 25 0 frame20
