1
texture0.tex
70 70
21
504 63 59 60 6 2 0 frame0
714 102 6 14 31 25 0 frame1
656 80 9 14 31 25 0 frame2
702 102 10 15 31 25 0 frame3
665 96 11 15 29 25 0 frame4
704 0 10 15 31 25 0 frame5
680 72 10 16 30 25 0 frame6
704 17 10 15 31 25 0 frame7
690 90 10 16 31 25 0 frame8
690 108 10 16 31 25 0 frame9
614 32 18 14 26 25 0 frame10
362 104 15 14 27 25 0 frame11
634 0 18 14 26 25 0 frame12
634 16 18 14 26 25 0 frame13
634 32 18 14 26 25 0 frame14
654 0 18 14 26 25 0 frame15
654 16 18 14 26 25 0 frame16
654 32 18 14 26 25 0 frame17
656 48 18 14 26 25 0 frame18
656 64 18 14 26 25 0 frame19
172 104 19 14 26 25 0 frame20
