1
texture0.tex
38 42
21
0 210 26 42 6 0 0 frame0
768 216 12 28 11 6 0 frame1
760 155 18 28 10 6 0 frame2
748 64 19 29 10 6 0 frame3
702 122 22 29 8 5 0 frame4
758 32 19 29 10 7 0 frame5
719 0 20 30 10 6 0 frame6
738 155 20 28 10 7 0 frame7
173 210 19 30 10 5 0 frame8
726 91 20 30 10 5 0 frame9
664 182 35 28 1 6 0 frame10
682 60 29 28 3 6 0 frame11
674 212 35 28 0 6 0 frame12
135 210 36 28 1 6 0 frame13
560 228 36 28 0 6 0 frame14
588 122 36 28 0 6 0 frame15
588 152 36 28 0 6 0 frame16
588 182 36 28 0 6 0 frame17
598 212 36 28 1 6 0 frame18
701 182 35 28 1 6 0 frame19
96 210 37 28 1 6 0 frame20
