1
texture0.tex
38 42
21
28 210 26 42 5 0 0 frame0
769 185 12 28 10 6 0 frame1
748 216 18 28 9 6 0 frame2
763 0 19 29 9 6 0 frame3
713 60 21 29 7 5 0 frame4
748 185 19 29 9 6 0 frame5
726 123 19 30 9 5 0 frame6
747 123 20 28 10 7 0 frame7
736 32 20 30 10 5 0 frame8
741 0 20 30 10 5 0 frame9
711 212 35 28 1 6 0 frame10
682 90 29 28 2 6 0 frame11
682 0 35 28 0 5 0 frame12
626 122 36 28 0 6 0 frame13
626 152 36 28 0 6 0 frame14
626 182 36 28 0 6 0 frame15
636 212 36 28 0 6 0 frame16
664 122 36 28 0 6 0 frame17
664 152 36 28 0 6 0 frame18
682 30 35 28 0 5 0 frame19
56 210 38 28 0 5 0 frame20
