1
texture0.tex
90 90
20
932 121 9 24 42 36 0 frame0
916 163 15 24 39 36 0 frame1
561 213 21 24 36 36 0 frame2
963 32 24 24 34 36 0 frame3
584 164 17 24 38 36 0 frame4
891 163 23 24 35 36 0 frame5
910 95 30 24 31 36 0 frame6
899 32 36 24 28 36 0 frame7
966 0 24 24 34 36 0 frame8
584 138 18 24 37 36 0 frame9
172 132 28 35 32 30 0 frame10
846 62 32 40 30 28 0 frame11
781 136 36 45 28 25 0 frame12
854 137 29 30 32 33 0 frame13
756 42 35 49 29 23 0 frame14
715 42 25 20 20 33 0 frame15
769 93 41 41 26 27 0 frame16
715 0 49 40 23 24 0 frame17
680 173 49 40 23 25 0 frame18
887 142 43 19 29 34 0 frame19
