1
texture0.tex
64 64
18
852 0 40 32 12 16 0 frame0
853 173 36 29 14 18 0 frame1
708 64 46 44 9 10 0 frame2
821 173 30 41 17 13 0 frame3
894 0 40 30 12 17 0 frame4
808 0 42 36 11 14 0 frame5
812 84 32 46 16 9 0 frame6
732 197 42 43 11 11 0 frame7
776 197 43 40 11 12 0 frame8
731 157 48 38 8 13 0 frame9
821 216 30 40 17 12 0 frame10
677 125 46 46 8 9 0 frame11
793 42 40 40 12 12 0 frame12
447 198 64 44 0 11 0 frame13
252 204 46 48 9 9 0 frame14
680 215 50 38 7 14 0 frame15
651 64 55 59 4 3 0 frame16
513 213 46 43 9 11 0 frame17
