1
texture0.tex
140 140
21
772 0 140 140 0 0 0 frame0
1267 85 12 28 61 50 0 frame1
1329 228 18 28 61 50 0 frame2
1262 0 19 29 61 50 0 frame3
884 204 22 30 58 49 0 frame4
1311 130 20 30 60 50 0 frame5
312 225 20 31 60 49 0 frame6
1313 33 20 29 61 50 0 frame7
1289 64 20 31 61 49 0 frame8
1289 97 20 31 61 49 0 frame9
1193 90 35 28 52 50 0 frame10
1231 0 29 28 53 50 0 frame11
1209 122 35 28 51 50 0 frame12
489 184 36 28 51 50 0 frame13
489 214 36 28 51 50 0 frame14
527 184 36 28 51 50 0 frame15
565 184 36 28 51 50 0 frame16
527 214 36 28 51 50 0 frame17
565 214 36 28 51 50 0 frame18
1230 90 35 28 52 50 0 frame19
272 225 38 28 51 50 0 frame20
