1
texture0.tex
140 140
21
914 122 119 120 11 4 0 frame0
900 172 12 28 62 50 0 frame1
1333 95 18 28 61 50 0 frame2
1335 31 19 29 61 50 0 frame3
1289 32 22 30 58 49 0 frame4
1329 196 20 30 61 50 0 frame5
1311 64 20 31 60 49 0 frame6
1335 0 20 29 61 50 0 frame7
1313 0 20 31 61 49 0 frame8
1311 97 20 31 61 49 0 frame9
1246 122 35 28 52 50 0 frame10
1231 60 29 28 54 50 0 frame11
1246 152 35 28 51 50 0 frame12
1155 30 36 28 52 50 0 frame13
1155 60 36 28 51 50 0 frame14
1155 90 36 28 52 50 0 frame15
1193 0 36 28 52 50 0 frame16
1193 30 36 28 52 50 0 frame17
1193 60 36 28 52 50 0 frame18
1246 182 35 28 52 50 0 frame19
449 214 38 28 52 50 0 frame20
