1
texture0.tex
140 140
21
914 0 119 120 11 4 0 frame0
900 142 12 28 62 50 0 frame1
1349 228 18 28 61 50 0 frame2
1262 31 19 29 61 50 0 frame3
1289 0 22 30 58 49 0 frame4
1311 162 20 30 61 50 0 frame5
1289 130 20 31 60 49 0 frame6
1333 64 20 29 61 50 0 frame7
1289 163 20 31 61 49 0 frame8
1307 196 20 31 61 49 0 frame9
1209 152 35 28 52 50 0 frame10
1231 30 29 28 54 50 0 frame11
1209 182 35 28 51 50 0 frame12
1124 224 36 28 52 50 0 frame13
1035 226 36 28 51 50 0 frame14
1073 226 36 28 52 50 0 frame15
1162 224 36 28 52 50 0 frame16
1200 224 36 28 52 50 0 frame17
1155 0 36 28 52 50 0 frame18
1238 212 35 28 52 50 0 frame19
449 184 38 28 52 50 0 frame20
