1
texture0.tex
128 128
22
0 771 128 128 0 0 0 frame0
0 900 128 128 0 0 0 frame1
0 1029 128 128 0 0 0 frame2
0 1158 128 128 0 0 0 frame3
0 1287 128 128 0 0 0 frame4
0 1416 128 128 0 0 0 frame5
0 1545 128 128 0 0 0 frame6
0 1674 128 128 0 0 0 frame7
0 1803 128 128 0 0 0 frame8
129 771 128 128 0 0 0 frame9
257 257 128 128 0 0 0 frame10
257 386 128 128 0 0 0 frame11
257 515 128 128 0 0 0 frame12
129 900 128 128 0 0 0 frame13
129 1029 128 128 0 0 0 frame14
129 1158 128 128 0 0 0 frame15
129 1287 128 128 0 0 0 frame16
129 1416 128 128 0 0 0 frame17
129 1545 128 128 0 0 0 frame18
129 1674 128 128 0 0 0 frame19
129 1803 128 128 0 0 0 frame20
258 644 128 128 0 0 0 frame21
