1
texture0.tex
128 128
29
386 318 128 128 0 0 0 frame0
386 447 128 128 0 0 0 frame1
258 773 128 128 0 0 0 frame2
258 902 128 128 0 0 0 frame3
258 1031 128 128 0 0 0 frame4
258 1160 128 128 0 0 0 frame5
258 1289 128 128 0 0 0 frame6
258 1418 128 128 0 0 0 frame7
258 1547 128 128 0 0 0 frame8
258 1676 128 128 0 0 0 frame9
258 1805 128 128 0 0 0 frame10
515 257 128 128 0 0 0 frame11
644 257 128 128 0 0 0 frame12
773 257 128 128 0 0 0 frame13
902 257 128 128 0 0 0 frame14
1031 257 128 128 0 0 0 frame15
1160 257 128 128 0 0 0 frame16
1289 257 128 128 0 0 0 frame17
1418 257 128 128 0 0 0 frame18
1547 257 128 128 0 0 0 frame19
1676 318 128 128 0 0 0 frame20
1805 318 128 128 0 0 0 frame21
515 386 128 128 0 0 0 frame22
644 386 128 128 0 0 0 frame23
773 386 128 128 0 0 0 frame24
902 386 128 128 0 0 0 frame25
1031 386 128 128 0 0 0 frame26
1160 386 128 128 0 0 0 frame27
1289 386 128 128 0 0 0 frame28
