1
texture0.tex
128 128
32
1418 386 128 128 0 0 0 frame0
1547 386 128 128 0 0 0 frame1
1676 447 128 128 0 0 0 frame2
1805 447 128 128 0 0 0 frame3
515 515 128 128 0 0 0 frame4
644 515 128 128 0 0 0 frame5
773 515 128 128 0 0 0 frame6
902 515 128 128 0 0 0 frame7
1031 515 128 128 0 0 0 frame8
1160 515 128 128 0 0 0 frame9
1289 515 128 128 0 0 0 frame10
1418 515 128 128 0 0 0 frame11
1547 515 128 128 0 0 0 frame12
1676 576 128 128 0 0 0 frame13
1805 576 128 128 0 0 0 frame14
387 644 128 128 0 0 0 frame15
516 644 128 128 0 0 0 frame16
645 644 128 128 0 0 0 frame17
774 644 128 128 0 0 0 frame18
903 644 128 128 0 0 0 frame19
1032 644 128 128 0 0 0 frame20
1161 644 128 128 0 0 0 frame21
1290 644 128 128 0 0 0 frame22
1419 644 128 128 0 0 0 frame23
1548 705 128 128 0 0 0 frame24
1677 705 128 128 0 0 0 frame25
1806 705 128 128 0 0 0 frame26
387 773 128 128 0 0 0 frame27
516 773 128 128 0 0 0 frame28
645 773 128 128 0 0 0 frame29
774 773 128 128 0 0 0 frame30
903 773 128 128 0 0 0 frame31
