1
texture0.tex
128 128
23
1032 773 128 128 0 0 0 frame0
1161 773 128 128 0 0 0 frame1
1290 773 128 128 0 0 0 frame2
1419 773 128 128 0 0 0 frame3
1548 834 128 128 0 0 0 frame4
1677 834 128 128 0 0 0 frame5
1806 834 128 128 0 0 0 frame6
387 902 128 128 0 0 0 frame7
516 902 128 128 0 0 0 frame8
645 902 128 128 0 0 0 frame9
774 902 128 128 0 0 0 frame10
903 902 128 128 0 0 0 frame11
1032 902 128 128 0 0 0 frame12
1161 902 128 128 0 0 0 frame13
1290 902 128 128 0 0 0 frame14
1419 902 128 128 0 0 0 frame15
1548 963 128 128 0 0 0 frame16
1677 963 128 128 0 0 0 frame17
1806 963 128 128 0 0 0 frame18
387 1031 128 128 0 0 0 frame19
516 1031 128 128 0 0 0 frame20
645 1031 128 128 0 0 0 frame21
774 1031 128 128 0 0 0 frame22
