1
texture0.tex
64 64
21
647 1160 64 64 0 0 0 frame0
712 1160 64 64 0 0 0 frame1
777 1160 64 64 0 0 0 frame2
842 1160 64 64 0 0 0 frame3
907 1160 64 64 0 0 0 frame4
972 1160 64 64 0 0 0 frame5
1037 1160 64 64 0 0 0 frame6
1102 1160 64 64 0 0 0 frame7
1167 1160 64 64 0 0 0 frame8
1232 1160 64 64 0 0 0 frame9
1297 1160 64 64 0 0 0 frame10
1362 1160 64 64 0 0 0 frame11
1427 1160 64 64 0 0 0 frame12
1492 1221 64 64 0 0 0 frame13
1557 1221 64 64 0 0 0 frame14
1622 1283 64 64 0 0 0 frame15
1687 1287 64 64 0 0 0 frame16
1752 1342 64 64 0 0 0 frame17
1817 1342 64 64 0 0 0 frame18
1882 1342 64 64 0 0 0 frame19
1947 1342 64 64 0 0 0 frame20
