1
texture0.tex
500 80
27
0 0 500 80 0 0 0 frame0
502 0 500 80 0 0 0 frame1
1004 0 500 80 0 0 0 frame2
1506 0 500 80 0 0 0 frame3
0 82 500 80 0 0 0 frame4
502 82 500 80 0 0 0 frame5
1004 82 500 80 0 0 0 frame6
1506 82 500 80 0 0 0 frame7
0 164 500 80 0 0 0 frame8
502 164 500 80 0 0 0 frame9
1004 164 500 80 0 0 0 frame10
1506 164 500 80 0 0 0 frame11
0 246 500 80 0 0 0 frame12
502 246 500 80 0 0 0 frame13
1004 246 500 80 0 0 0 frame14
1506 246 500 80 0 0 0 frame15
0 328 500 80 0 0 0 frame16
502 328 500 80 0 0 0 frame17
1004 328 500 80 0 0 0 frame18
1506 328 500 80 0 0 0 frame19
0 410 500 80 0 0 0 frame20
502 410 500 80 0 0 0 frame21
1004 410 500 80 0 0 0 frame22
1506 410 500 80 0 0 0 frame23
0 492 500 80 0 0 0 frame24
502 492 500 80 0 0 0 frame25
1004 492 500 80 0 0 0 frame26
