1
texture0.tex
106 106
16
1719 154 39 53 35 28 0 frame0
1737 479 20 33 45 38 0 frame1
1719 209 39 53 34 27 0 frame2
1737 514 20 33 44 37 0 frame3
1038 122 42 53 34 27 0 frame4
2024 1442 23 33 44 37 0 frame5
1155 1562 41 53 32 27 0 frame6
1410 398 23 35 41 36 0 frame7
955 1612 41 53 34 27 0 frame8
1045 1477 22 33 44 37 0 frame9
1216 786 43 53 32 26 0 frame10
1708 698 26 33 41 36 0 frame11
1669 386 88 91 9 10 0 frame12
721 0 68 72 19 20 0 frame13
1403 620 94 94 6 6 0 frame14
1308 0 76 76 15 15 0 frame15
