1
texture0.tex
34 24
20
1894 1419 8 21 13 2 0 frame0
1742 1159 8 21 13 2 0 frame1
1221 1653 14 21 10 2 0 frame2
1209 46 14 21 10 2 0 frame3
1698 1159 20 21 7 2 0 frame4
1720 1159 20 21 7 2 0 frame5
1050 786 21 21 7 2 0 frame6
646 262 21 21 7 2 0 frame7
1743 854 16 21 9 2 0 frame8
703 0 16 21 9 2 0 frame9
669 262 21 21 6 2 0 frame10
1675 1159 21 21 6 2 0 frame11
1170 617 27 21 3 2 0 frame12
2021 1586 27 21 3 2 0 frame13
1859 1419 33 21 0 2 0 frame14
502 2021 33 21 0 2 0 frame15
2024 1477 22 21 7 2 0 frame16
1026 786 22 21 7 2 0 frame17
1133 282 17 21 8 2 0 frame18
945 183 17 21 8 2 0 frame19
