1
texture0.tex
94 94
29
1313 231 72 72 14 10 0 frame0
1863 218 52 52 23 20 0 frame1
1883 1613 54 53 22 20 0 frame2
1863 272 52 52 23 20 0 frame3
846 212 58 58 20 17 0 frame4
1863 326 52 52 23 20 0 frame5
1863 380 52 52 23 20 0 frame6
1966 1557 53 55 22 21 0 frame7
1025 183 55 57 22 20 0 frame8
1825 1337 80 80 8 6 0 frame9
1939 1614 52 52 22 20 0 frame10
1438 1485 57 57 20 18 0 frame11
1870 1668 51 51 22 20 0 frame12
1993 1614 52 52 22 20 0 frame13
906 212 58 58 19 18 0 frame14
1851 1186 42 37 22 26 0 frame15
706 241 59 45 10 23 0 frame16
1497 1485 53 57 22 18 0 frame17
1552 1485 53 57 22 18 0 frame18
1859 1442 53 57 22 18 0 frame19
1800 1480 53 57 22 18 0 frame20
1914 1442 53 57 22 18 0 frame21
1969 1442 53 57 22 18 0 frame22
903 61 57 59 20 17 0 frame23
935 0 57 59 20 17 0 frame24
920 122 57 59 20 17 0 frame25
962 61 57 59 20 17 0 frame26
994 0 57 59 20 17 0 frame27
966 183 57 59 20 17 0 frame28
