1
texture0.tex
94 94
29
572 46 72 72 14 10 0 frame0
1386 57 49 52 25 21 0 frame1
1387 231 48 54 22 20 0 frame2
1863 162 51 54 24 20 0 frame3
979 122 57 59 21 17 0 frame4
1658 1590 51 53 24 20 0 frame5
1711 1590 51 53 22 20 0 frame6
1607 1531 53 57 22 19 0 frame7
1662 1531 53 57 22 19 0 frame8
1226 0 80 80 8 6 0 frame9
1764 1598 51 53 22 20 0 frame10
1021 61 57 59 20 16 0 frame11
1923 1668 50 52 22 21 0 frame12
1817 1616 51 53 22 20 0 frame13
1623 1409 57 59 20 18 0 frame14
1975 1668 46 53 28 21 0 frame15
1466 1337 59 45 14 25 0 frame16
1717 1531 53 57 22 19 0 frame17
1438 1544 53 57 22 19 0 frame18
1493 1544 53 57 22 19 0 frame19
1548 1544 53 57 22 19 0 frame20
1855 1501 53 57 22 19 0 frame21
1772 1539 53 57 22 19 0 frame22
1682 1409 57 59 20 18 0 frame23
1741 1409 57 59 20 18 0 frame24
1800 1419 57 59 20 18 0 frame25
1623 1470 57 59 20 18 0 frame26
1682 1470 57 59 20 18 0 frame27
1741 1470 57 59 20 18 0 frame28
